9489
6785
7336
5174
8881
4987
3135
6848
8069
2449
3171
4088
7931
7136
 883
7489
2782
4430
7115
5810
9253
4445
 310
 184
7037
7713
8740
1466
6573
4757
6186
7695
2155
5617
 927
6706
6527
9438
3119
1759
1014
9666
 670
4943
5493
9707
 119
4546
4903
4032
4917
 398
5836
2991
 862
2696
3486
1042
7070
4612
 440
6338
9311
3110
 490
3194
3364
4898
9557
2021
9092
6296
9519
8251
 190
 973
7984
 977
 526
8768
 627
6494
5759
7109
8241
3449
6497
9329
 605
4587
3331
9409
1187
2558
7509
3245
6150
5349
8607
5318
3745
4293
4116
2822
4363
6870
2526
 702
2737
 485
1199
 337
4654
3268
7845
1430
1958
3778
8718
8442
6992
2414
1490
9044
8104
5108
3623
1334
3507
9893
6262
6122
8460
3350
 828
8646
6570
5246
1564
1832
5641
5237
5507
1069
3068
6855
 264
 533
7508
9817
5223
9739
1105
9625
8606
4222
 118
 361
1489
9634
4058
6310
5450
5710
6402
9759
2361
7085
3324
2967
1118
8286
6651
1161
8919
6997
 330
3846
 589
2887
9591
 517
 516
5690
1814
5820
6822
8826
2685
3555
3603
1523
3017
1285
4977
1948
9263
5431
4670
2947
 937
8116
7811
2356
6247
5516
5793
 211
6546
8394
9723
6561
1998
6323
5742
2217
6522
4688
4761
3883
7680
7975
2160
8773
5953
6688
9462
5225
3848
1448
8469
1146
 604
5477
5491
 559
8891
1605
 220
7345
3651
7429
 168
6584
1224
4331
7314
5804
7274
9961
7248
8038
1141
 150
7760
3435
8233
7046
2544
3655
9982
7121
2143
3071
6293
4507
3403
3424
1977
1304
 708
 975
2265
4123
2535
5095
5632
3746
1767
4111
3630
4792
1788
5903
2488
1270
5676
5498
4405
2213
5429
6044
6735
3951
8183
6073
 407
4373
5929
 153
3550
 148
9565
3519
3657
9850
5894
9662
8617
 985
6074
1930
3458
6892
2274
7312
4828
2830
5748
2212
6008
5691
3545
5262
6275
8448
4357
3470
9516
1601
9641
2977
6226
 551
6765
4407
3285
2092
2598
1725
4460
4564
3083
7930
6408
2577
1710
5597
9929
1681
1752
5198
3302
8412
3658
1926
8269
9036
9131
 251
9031
4681
2230
7241
4808
3056
3210
8811
9344
9680
6284
6409
1197
8641
8564
1706
4389
1075
6040
7682
3288
8565
4696
6564
2957
6202
9865
6178
 727
4803
5073
6401
2969
9424
 387
9895
3830
 885
 245
4979
 338
5524
1734
9370
2296
9987
9635
4388
3571
2972
5160
3172
 437
2758
4263
4465
4435
7913
7209
9274
9878
9819
 805
6786
5215
2726
8424
4458
1482
3399
4715
9785
5590
5993
1671
3513
7282
9708
1718
9008
1186
9598
2816
2438
5234
6377
8198
3250
2682
4823
3316
5816
5984
1936
 404
4692
 158
6816
5514
5501
3028
2480
2802
7595
6715
4995
 570
2912
3692
9055
2853
1442
3306
2868
9314
 976
4294
2897
 970
7973
8042
9034
5680
2976
2825
1652
3124
4392
7201
8003
4094
5767
6512
3400
8636
2390
9437
5293
 268
9585
9161
9298
3934
4603
2615
4298
2121
6624
5519
9700
8027
5608
1698
7308
5864
5848
3584
 513
9657
5469
9595
5173
2537
2702
6853
1519
8173
2465
8238
8727
6518
5142
7985
7278
1843
 817
5533
3806
8136
5038
1613
9650
2237
4070
1769
3004
8655
6934
4132
4938
7800
4655
7141
5989
7920
6035
4821
8872
 987
8929
5798
7581
6192
6227
1318
2588
4324
 872
1556
7257
7559
 549
8551
8019
4350
7265
1378
4209
9885
6665
5350
7105
8723
6791
3639
7624
5255
5837
 689
6027
7368
9362
9427
2549
2319
9936
4223
 229
 594
7365
4683
5107
8984
1386
3436
8938
8808
4025
5920
1708
9971
9064
4158
8164
7746
4311
3365
9951
4449
4352
8618
8264
4957
9469
6896
1513
7773
6553
7865
5792
9858
5256
2773
8415
4226
8882
1887
 177
8271
2898
9553
9580
9246
5024
4391
6638
7360
5419
7167
8915
1121
1622
6985
5812
2228
3753
2999
3213
9520
6984
2004
8416
3485
9323
2629
8108
9797
5567
8044
 540
1437
3482
4689
4958
4078
1156
 421
4367
4473
9653
6775
8831
1193
9601
7567
3803
5671
7022
3328
1631
8322
8443
7298
2704
1636
4866
9076
5360
1626
9082
3680
7618
6217
8596
8654
7554
4738
8199
8659
3167
5381
1454
 850
9025
6266
3933
6899
8319
4968
4118
7707
3794
1602
3450
8214
5295
 280
4064
1912
 518
2578
6565
1056
1092
9461
5819
8283
3226
3257
 722
6373
2257
7630
9918
8521
3471
8043
8687
1025
5066
6650
3975
9807
1301
9977
6597
7387
3533
6098
5290
 744
8106
3173
5708
5169
3497
9664
4646
3522
1132
 901
2606
5930
9466
1269
5130
2297
3434
2760
1696
6922
4881
1663
1748
8138
8855
2564
 844
5072
1309
8028
4207
 659
5774
2174
8140
4289
5663
8979
8439
8181
9940
4379
6581
7494
4657
9923
7594
2934
4983
7273
5799
3727
 633
5017
5763
2604
2489
2445
 736
 824
 100
7525
1320
6182
2343
1651
1317
3019
5762
7835
6590
9815
7522
3018
9825
 109
4966
 248
2579
8566
4659
5035
2885
 935
3216
1138
8064
3058
9448
9806
1111
 704
3637
4537
1595
1960
5111
1927
6094
4549
2156
5530
2813
2450
1297
9463
8334
9261
9503
4924
6949
5952
3251
6593
1987
 426
1720
7938
6687
1923
7882
1745
3852
 599
 384
4137
2518
3615
3239
 253
8947
 161
3090
7922
8501
2176
5390
3081
8498
2984
8751
2173
2594
6404
1275
9695
9779
5197
7338
6271
1529
 721
7995
1874
 170
4348
5167
3469
6268
3335
8535
 774
7986
 378
7114
8077
 894
6360
4624
2824
6862
5018
1575
6955
6162
4530
 122
4965
7487
5651
1335
7378
6347
1863
2138
5393
1106
 925
5681
2474
3559
 106
5841
 827
4380
4221
7410
5462
4278
2844
2560
1013
1214
 448
2764
9472
6505
7391
 796
8088
5056
2145
9823
 730
8413
6028
6264
4302
 881
8809
3796
6860
3931
 685
8473
6802
9441
2273
1026
6324
2415
4653
9868
2510
3642
 151
9144
9125
7118
2360
7063
7833
3761
5577
9647
5032
7295
6194
2620
8423
7104
6277
3442
4730
7876
2248
9339
8062
7352
4553
7903
8391
6787
1063
 142
7657
3730
7210
2194
4182
2463
8092
9297
5084
7178
3262
 846
6364
4616
2457
8710
5016
5586
3242
 544
7052
6107
9748
6587
4593
1101
9766
2831
3801
1711
9685
5433
 425
1808
 793
2431
2798
 133
3788
 830
1081
7315
1403
5400
6874
4122
6598
1017
 543
7411
 829
7090
1811
8664
5570
9374
7839
1950
3585
4664
6844
1404
 661
6495
4128
9087
4788
3146
8478
6737
6905
3979
 364
2795
6144
5694
2872
9105
3546
4967
4747
9498
1785
3631
8644
3756
9800
9473
1581
7042
1311
 618
5552
 194
5540
9180
9946
1119
9315
 851
8517
3529
8986
3115
7055
3797
2837
4787
5057
4652
9177
5087
6950
7482
7418
8925
6304
6643
5614
9460
1208
 257
8798
7863
5296
8568
4440
 487
8949
5811
2072
2058
2838
4497
9233
2028
5322
7187
4125
4276
6962
6769
8663
3524
4478
6517
3363
6555
9509
2644
5544
6879
4609
5043
8111
8731
2259
6288
2321
7563
5413
9176
4716
6493
7759
5502
8608
 469
1833
3668
3027
3301
6804
4039
7343
1469
3127
4671
2938
4436
5443
7333
5814
 322
8555
 241
8144
4784
7326
2541
7058
2197
3094
2799
7685
6283
1721
3147
7290
3687
8317
1333
8366
1545
9213
2111
5684
2818
7455
8034
8078
 737
5768
5067
6167
3681
4192
5737
1709
3669
5689
8954
7576
4560
2374
2179
3393
4157
4741
2339
2310
7928
7747
8905
3946
2409
3926
6943
9216
6496
9991
3785
5427
3387
9830
1503
4922
1839
6898
9195
2372
7730
4010
1000
9610
1408
3986
9444
5732
5802
3168
4421
6547
9706
6464
3383
5481
1889
7636
4355
4332
6065
2239
6447
2354
6148
4397
4760
 952
3191
2351
2907
8528
9573
5556
1969
4308
1703
8781
5028
9884
 470
2903
5159
 496
3581
3361
8548
9440
2077
7005
4144
2119
 581
7551
2015
3708
 706
8771
 891
8799
 586
6586
6571
7694
7311
3864
1521
4647
6965
8301
5117
8795
2845
8903
9978
5823
4353
9507
6179
6218
5628
1771
1777
4240
8207
6968
2082
 301
1600
4594
3784
2664
1388
1782
1244
5943
9980
1805
6443
4875
2195
5424
 319
7564
 163
3241
 542
 738
3270
 807
3273
5946
4661
 155
1371
9283
7245
5642
3782
 372
 379
 919
7050
3082
1145
4839
2446
7371
6203
3412
3249
5238
4035
 219
9842
3760
5956
 484
3791
7813
2083
2164
3532
8055
2271
1277
7239
9236
6491
7940
 237
9222
7408
 537
3512
4529
5445
 868
3148
4969
7721
9343
4139
6766
6732
2928
9164
 134
4833
 309
6916
3554
8671
4811
4729
5914
4720
2011
9196
3911
6952
8770
3413
2384
3031
4887
8823
4802
7710
 715
1393
7981
4171
5265
2891
8677
4162
6588
4461
5392
4272
3580
6492
9619
9751
6982
 842
6130
7249
3800
9009
4186
2424
7369
6210
7795
 747
8052
7517
7213
 452
2002
7568
7172
2867
6484
4650
5492
7883
8048
8492
3731
8717
7510
3517
8004
4727
3606
8422
9658
5856
1624
9355
2358
6828
 929
5912
7269
4471
4800
5511
7242
2129
8193
6300
2311
7776
9603
4660
2874
9839
9699
4762
 994
8958
6740
6049
6361
4614
5688
3699
7718
2589
2978
3205
8018
5562
9481
8041
1733
3811
3667
8284
2980
6609
1243
8014
3000
6658
7728
 344
4814
8934
4148
7754
3305
5872
3992
 903
4785
8691
5126
4242
 734
8686
6104
1090
6825
2769
 488
2809
 764
2071
6386
2472
5961
3154
7170
3379
 214
9012
1619
2981
8485
8790
9192
4618
8047
9926
5999
6936
6526
1184
8175
6219
5780
 451
3627
6291
8337
9521
 758
1755
1855
2427
7305
8697
2135
7075
1135
7891
 637
9732
3095
1436
8706
 854
9724
3816
3607
1283
1412
8955
9919
1068
2556
8972
2215
8132
1994
6201
4254
4520
 628
9163
6868
7866
1217
8000
8544
7395
4231
1794
6097
4274
6031
8297
8496
4033
4528
8336
9134
3616
7467
 616
9382
3156
5937
7398
5833
2314
6579
8572
4578
4502
4861
7139
5905
7276
5124
5426
1120
3358
5512
 321
4211
7715
4631
4316
5729
2886
5575
1278
1276
4126
2334
4640
3005
4851
8163
9416
 115
5933
 360
7444
6626
7224
1326
6433
4079
1672
3542
7659
9312
2937
6071
8576
8195
3895
7335
9305
5384
6411
5669
6886
2055
1514
6290
 499
4235
4108
4437
8253
9073
 783
6966
8447
5127
4600
7642
4954
5231
4439
8743
 528
5082
 918
1909
8715
3798
7783
3012
 548
6479
4277
4351
9630
3189
3397
8858
5270
7416
2569
1997
5891
4569
5934
7756
3769
2019
5347
3897
8067
 887
7216
9543
5545
6748
4464
9672
1992
1895
4334
 273
8036
8204
8231
7639
3906
 597
6683
4117
2216
7608
9643
7700
7152
 814
8208
2023
9043
9514
2525
8819
7770
8472
8405
8856
4349
5489
3948
6442
6631
3795
3206
4949
7456
2694
1824
 982
4327
1409
1676
6034
7661
6869
4082
 984
1072
3902
5960
9160
6792
8420
6774
7144
6337
1685
5335
6006
4371
3347
2747
9523
3971
4000
1643
2140
7948
5425
3138
5202
4434
6215
4900
9788
8287
 293
4585
 610
8110
6362
 643
6205
6888
8150
5203
9373
4244
6929
 507
4921
6080
3673
6824
5636
1875
2697
5121
8876
1757
1488
6989
8098
2432
3613
3066
4101
 986
4858
3834
9712
3231
7003
3267
5675
 968
5915
1842
7223
 383
8456
 768
7869
5402
5003
1044
5188
7739
 769
5116
6064
1093
9488
4615
9004
1479
 411
1625
9303
8455
2499
9212
8562
8348
6777
5583
3038
5714
3022
9837
5079
7156
2554
8464
8400
4489
8810
6991
9537
6562
5292
9162
5745
5661
5867
9795
5277
5559
6278
 183
6551
3696
7225
 447
2617
6198
1123
6480
8850
6619
4426
9118
7453
 434
6746
1356
1188
 574
7711
7929
2559
4912
 566
9714
9556
4632
1779
4395
7252
7850
2725
4067
6637
5571
1342
7182
4285
6636
5620
1487
9673
3296
 838
6843
9681
3884
6876
 577
3067
8822
1175
 564
9306
9000
7562
3839
6486
4889
2950
6919
2581
8592
2930
5465
 226
4536
1210
3963
3166
4090
7485
5877
8396
3244
4376
8007
5136
6759
8369
3740
2362
2780
4699
1851
8791
7633
1543
3394
9119
5674
7427
1236
6622
9187
9763
8920
8166
3215
3937
2328
 892
4930
2008
7030
7400
6902
2233
8527
5873
9137
5510
6552
4042
8679
6244
9756
 950
5049
7881
1915
2687
2152
8243
3332
 816
7702
4523
5305
3481
4748
4183
2993
8571
4061
3232
9077
3295
9765
1316
4931
6488
8817
2840
 650
1464
7405
6175
6246
5624
4091
7486
6140
 353
3500
3197
3037
7650
6529
3808
6336
6052
9921
3093
9291
1750
6707
1792
5115
4314
9801
5047
9985
9138
3279
4562
8867
8250
3478
3501
7768
4360
1795
3217
1256
2584
1346
1928
5154
8574
9423
9262
 591
5564
1158
9191
1653
1203
 103
7524
3686
8871
5389
1910
9571
2797
 951
7934
5394
3741
1271
6229
 953
4450
8426
3045
9577
6956
3953
5487
6613
9572
3402
1737
5698
3493
1325
3228
6817
6209
7774
3850
3342
3573
9436
5286
 217
9882
7507
1716
9777
1922
5879
4579
6425
2689
6366
5122
2459
5147
2203
8124
8865
7228
4247
1287
9225
7162
1646
9007
3719
3556
9637
1820
4304
6376
9786
5646
5269
3234
7819
6061
3274
7672
4403
9184
5785
5420
7227
5236
9338
1314
7904
 900
5164
3280
6465
3711
5001
8800
9295
6629
4940
6675
7677
9349
8695
6136
8298
4705
 399
5484
5200
8347
8157
2497
5635
4927
8602
6111
6413
5758
 255
9414
 267
6385
7890
2597
9988
 336
1807
6143
1990
 228
4387
4572
6019
1877
1804
4299
3048
5693
7163
2223
4937
9301
4179
4292
1185
 641
4952
9713
1251
5274
8622
7531
9549
5746
9391
 575
2047
2997
1098
7714
8103
2963
4721
4290
4015
2790
3712
9667
6151
6677
6525
9371
6155
5319
9890
3763
5342
5527
8621
9531
5180
8744
9986
6720
6002
3728
5089
1173
5002
2652
7514
2437
2491
2667
4512
6591
9909
2142
7089
 461
1331
7137
2801
2723
 203
 457
7894
5339
8541
1096
4706
6885
9780
2026
2580
4002
9240
7171
4413
6334
1458
6168
5756
4446
6423
1699
2371
 886
9419
 500
3233
6195
6024
4249
 776
1230
7602
8890
2640
4736
5363
1415
7056
9746
9116
2750
2376
1362
9211
1169
4776
5486
1338
6773
6213
9123
5230
6299
7708
9833
 247
 729
 234
4604
 699
1645
1127
7339
7699
1577
8610
2355
7629
5926
2679
7666
3588
 450
4441
5064
1406
7506
4180
8675
8086
5782
5156
9353
2287
9165
2684
5341
5314
5932
 795
6986
2108
7775
2842
7580
5470
 167
2266
2711
6169
 990
8841
5576
7532
 179
7275
5985
9115
7051
8305
9230
5509
3691
2096
6760
 374
2933
8292
5998
9880
3427
1872
2013
1126
9194
3452
4764
6159
5978
 991
7038
8875
5472
6058
9838
4871
1305
9599
3445
 135
2528
4997
2286
9915
6445
7292
4834
9589
1949
3473
1978
6933
 472
3739
4457
7892
8025
4006
5178
9365
7183
2451
 302
2075
1900
6850
7565
5957
3472
8380
8365
1675
4570
8277
6145
9330
3697
1094
6352
6390
5658
 497
5051
4581
3423
 806
7937
8640
4411
 416
8813
6801
5482
6240
2812
2416
 675
8539
1212
6410
7445
7356
9350
6864
2815
5324
8058
1677
7787
2284
6539
1550
5196
9992
5133
1873
4765
2093
8834
6085
8128
1459
 662
7355
8969
7181
7196
 808
4034
 833
6534
6830
2455
9435
2318
7836
9925
4181
1717
7331
4859
2767
8632
2911
4790
3958
8493
6614
2870
3851
1749
 858
8156
6113
2850
5373
7438
8845
2245
2256
1375
4840
6809
5490
5972
6316
2420
6424
8738
1383
3343
2673
1823
1957
7247
3070
6003
8434
9829
8102
8784
4500
4114
4184
4672
6784
3198
8402
 583
3140
4214
9014
3155
4773
4044
2794
1410
6381
3422
 367
 466
 861
 682
 279
9139
8149
5687
2065
6124
6093
5958
8087
7020
5074
4243
6313
4690
6900
9307
9455
 812
 297
 624
6057
6473
8285
1467
9717
2208
8006
8708
 333
 182
5626
 598
7426
9132
9217
5707
2819
7221
9149
2793
9845
1845
6617
3770
1728
6762
5463
3437
1540
5604
8279
6378
1112
8357
2397
6736
1166
 538
9499
6332
4911
2547
6506
1456
8937
4023
 801
7778
1027
 458
5529
3007
1020
 340
7251
5357
8531
6755
6606
2130
4046
8851
1701
9761
 304
3096
9855
1205
8179
3952
5125
5457
1262
3483
3536
2104
3787
5869
7329
3389
2131
5772
8820
7690
8995
9386
1162
 634
7651
1291
2505
2927
8970
6734
9210
9781
 911
2115
7897
7825
9309
2555
8956
8327
2515
7145
1942
8637
5083
5177
8962
2074
7023
6220
 668
2717
2073
8049
8569
1700
3514
1724
1730
6184
6335
6915
8601
8403
1774
9592
9430
9955
4253
2324
3243
5970
5876
2479
1967
4120
7479
2134
4739
1390
9157
6190
8073
7527
5467
1668
3508
1182
3325
7821
1400
2954
8926
1952
9728
7638
5670
9500
3150
8814
1079
8741
8982
9574
6043
7843
 651
 963
 652
6437
3490
8833
4846
6667
6670
8226
2641
7971
7593
2591
9989
6835
9345
9917
9945
 964
3432
2454
7474
5405
8393
8167
2185
5030
6191
7960
7303
8512
 405
4953
6796
1232
1071
7496
3726
3960
6318
8487
6595
7492
5209
1379
5634
5740
6454
3333
1813
1131
 560
6238
7164
3165
9052
1370
5595
8579
9320
2917
2923
2100
3752
 663
2605
7709
1476
1315
 178
9317
1196
 212
1421
6418
2869
 983
2471
8039
3255
6516
5020
3688
1736
5569
8299
2288
8075
1109
9121
6627
2032
6478
3126
1938
3557
1474
8240
1242
8684
 445
5973
4429
1584
6700
1656
1869
 997
2974
2478
3227
 315
6483
3978
1293
9517
6556
 731
1534
2879
 299
8681
9568
9399
1544
9851
6193
4358
3117
3959
7935
8530
3925
1567
4571
2350
6062
6156
1522
1906
4673
7450
1617
1604
2005
8626
8459
2623
2791
9334
3292
8928
4345
2854
7323
2663
1542
6600
5685
5441
1878
2037
6914
6342
9947
9037
9950
3447
7256
9638
8665
5094
3319
2820
 152
 276
7135
3193
1687
2269
8680
4524
2279
2157
8829
8509
3989
1787
2151
7859
9492
8090
8633
9954
6241
4495
6814
9319
2338
5483
1722
5021
6152
5103
7177
5086
3367
9094
1249
4880
1835
3710
8836
5987
5288
1924
8873
9944
9696
 362
4590
3678
5518
 756
6642
3566
5430
7939
1261
3491
8776
8451
2320
1890
6854
4195
4822
3922
 981
6095
9584
8324
3395
7174
7500
3932
5182
9848
 464
1693
4418
3528
7076
7546
2814
 532
3502
5307
3460
5340
1775
 289
3294
7789
4601
 585
2418
6326
5881
 683
 638
9614
4755
6554
7434
9159
2127
9670
6269
2210
8218
2369
1862
9147
3414
 143
 621
2982
8295
6428
2625
8603
4150
6799
9899
1763
6880
3354
4820
1031
4711
1360
7373
 588
6797
1738
7483
1064
8978
6315
7229
2249
8441
 790
7955
5131
2650
2846
9624
2344
6135
1152
3957
 506
3433
2757
2291
9518
9135
4003
7895
9096
3086
2738
1903
2306
1299
9407
8260
3200
4723
6475
5207
9070
3293
9939
8502
2089
9655
5241
5258
8960
6017
4194
 412
2988
5187
 584
4466
6434
4229
3781
5546
9538
3192
4343
1083
9755
9453
9027
1988
9972
5535
5871
5757
2958
1552
6302
6363
7750
7803
1258
5538
4506
8031
8536
1925
7983
2281
9631
3128
3765
1001
9478
5081
3700
9905
4509
5168
8699
 934
5572
5192
9698
8491
9852
1715
2387
3496
4086
3186
8961
4164
3635
8921
3701
2987
9586
9725
7454
 156
6068
8737
7812
8759
6053
8234
9248
7847
8516
8427
5189
3858
7511
5718
5448
7002
5077
3572
6998
8991
5046
4693
8922
2783
 395
7771
 866
8852
4580
6221
1554
7293
6669
1635
4328
7967
9293
3276
1209
3275
9010
8993
7428
1048
4798
3665
7598
6126
8368
9113
 609
5817
4346
4049
6990
5849
8249
3015
4261
9376
6742
9069
 145
 955
4817
3259
4390
5717
2196
3915
4404
7414
5283
8696
4037
9931
2139
7743
4080
5444
6317
5191
6621
9840
9403
8409
1399
9744
4841
9257
5333
1846
4950
5421
9872
5825
1637
7379
7705
 603
8895
4532
5327
5734
4644
7519
5911
6267
 350
5459
4540
5997
3318
1880
 923
 287
9388
2965
1280
 519
9267
7936
8792
5226
3050
4737
5931
1819
4563
3956
2777
5480
7823
6438
1122
1943
3016
3936
8411
6921
3693
7259
5703
3586
1505
1337
8293
7536
9792
9432
3044
5453
 750
1382
6678
4196
 323
1453
8847
1067
4651
1966
1218
7523
 757
4127
2521
7980
 956
9715
6370
3893
3679
9734
1374
2915
3676
5750
2419
5245
5902
3182
8446
6719
6204
6387
4872
 101
6733
2234
2643
9106
5672
4321
 811
9366
1148
5992
1381
2892
8237
9660
8191
6163
7831
7026
4754
7911
1167
8016
5896
5042
9910
7794
1766
1361
9958
7082
9235
9962
2945
5726
4451
1568
4534
4273
8186
2772
2272
 690
5779
5549
9412
8258
5558
6091
 474
2363
6671
7744
6298
8923
8118
8216
6699
 439
2487
4574
 660
3789
1647
1946
2946
3261
1428
9155
5157
1238
1176
9719
5171
4152
9387
6940
7734
7018
5186
9593
 192
5377
1916
2219
8987
5458
4400
9443
5765
 275
 406
2336
1319
8065
9787
5370
 352
6289
7087
9822
9273
 619
5994
8700
3802
9620
 227
1457
9292
7959
2768
9117
6856
4113
6674
8537
1010
6851
4147
5751
 717
3614
2532
9550
2964
 206
5417
2959
6521
4323
2300
6489
2116
6580
7200
5550
2054
1506
4092
7357
1029
2061
4708
1086
1680
3990
6531
2034
8280
8893
8942
 992
7788
 389
1426
 732
7280
5058
3416
1084
4483
 645
1610
3970
7583
9179
8013
5366
3381
6542
 821
2329
6060
4775
 139
1825
1051
1530
 408
3419
4095
4975
8081
2722
2805
 922
9400
3053
7198
9347
7437
4282
5724
5248
1065
7611
5603
2236
4364
9234
3965
2095
9381
7253
2322
 972
6303
3587
 432
6603
3474
9529
9703
6359
 617
2877
1447
8615
 902
6612
5137
 626
8101
7622
6078
2924
1904
2385
3866
6287
8688
4053
9570
6367
4188
2632
1340
5928
 225
6550
1865
4980
3179
2192
 222
2601
9752
4232
3061
9446
1226
 572
8553
 875
7307
8648
6325
7687
8063
 545
4527
8248
 121
 504
5372
1905
1420
2902
8611
5886
8676
4467
6697
 608
3604
8802
1016
4217
7692
8897
2379
1615
1417
6728
3013
5506
2186
 388
3955
3201
3430
8816
9243
3918
2177
3737
3938
9818
 185
7696
7049
7271
7605
4071
9689
7587
1606
7906
7384
7285
9927
2778
7837
6183
1826
8121
4901
8309
4443
3898
5778
3312
2268
5606
 773
9299
6716
 420
9701
6212
3032
2538
6519
7013
6654
 144
3870
4885
7032
8674
6487
2862
1517
 912
1385
6265
4882
6368
9431
5918
7205
2484
8742
4419
3338
1103
6312
3888
7101
2088
 571
2435
5940
 510
9405
1907
6467
 941
7917
2422
2709
6635
2469
3040
 971
1882
5704
2905
1282
5908
3805
3774
5330
6346
2060
7555
9613
3454
 349
5106
1302
 188
2341
2229
9183
1665
1289
6996
5005
9804
7736
9943
8225
2149
1740
6129
9468
3541
5659
8170
4236
1838
9827
3894
6649
1050
7950
1495
5044
2680
5662
4287
9691
8975
5699
9090
7045
8864
8169
9682
6196
1471
5179
6718
3594
9256
2303
9228
5815
5901
7471
8702
6306
6422
4620
9133
4985
4974
1597
7332
5515
 105
5875
7840
2081
3300
7872
5831
 942
2403
7688
8184
7149
6771
5244
2012
7193
4944
 391
7324
2299
7539
8223
9527
 832
2752
 804
2010
4545
5060
8161
8806
1796
 766
8623
2808
3564
9406
 535
8716
1973
2734
7176
 667
8129
 281
5428
2066
1019
5892
8432
5806
6663
9201
 455
6731
 124
4874
 427
2049
5857
2031
2493
3106
5574
 860
7641
6681
9508
5321
3684
4905
 777
4847
2053
8307
2671
4480
1328
7540
2370
8582
2206
3743
7874
5279
3330
4016
9629
1248
9970
1144
1102
3629
2613
3322
7599
4722
2686
1991
7420
4684
6237
8296
8471
1849
8467
3143
2359
2639
4317
1080
4190
6056
8778
1629
5251
4012
 181
7976
5120
 703
3283
2951
8359
6592
1893
9252
7648
5408
7123
8977
6749
3969
2348
4781
9907
9898
8209
7853
7010
1985
7034
9491
7977
1593
9013
5976
6426
 130
 459
3291
3297
4948
3567
5216
4133
1491
8914
9425
2829
8328
5648
1439
7425
8407
4920
9542
 635
5398
7128
3596
8001
3578
7160
 171
1380
7854
6623
1233
3901
4876
2168
2175
 947
7944
2494
6047
4060
1472
 216
4986
1818
6250
1812
9959
8940
 843
2698
5406
4962
5205
7113
6834
5378
1462
8660
2735
7029
 687
6641
2796
5069
3950
6831
7048
7619
4635
9532
9533
3754
7096
9639
9475
7497
8247
5859
2103
9981
4212
2876
3072
9085
7957
 428
7393
4557
8395
6639
4852
 632
3373
7542
2543
3539
1480
6285
4136
6743
8719
8213
7159
7640
1531
1061
9693
4550
5668
6436
 696
5955
6468
5769
7637
9867
7958
6235
2866
9791
5407
7283
2806
6772
9041
 555
5591
8907
2602
5113
8752
7320
3654
7158
4081
5037
1512
5561
1241
1662
9078
9108
4589
7757
3941
1267
6994
5436
7499
4156
3163
1252
6657
3382
 239
5271
4140
5110
1654
1756
3366
3988
4151
4701
4879
8425
3264
2572
5439
8507
4410
2406
6691
5897
4636
9270
3348
5982
4668
1892
8996
6724
 140
5221
9847
9678
2327
7435
1422
7133
8573
9937
1669
 149
9062
5208
8797
8508
3456
 669
6863
3303
8861
2895
9439
8824
3530
5260
5588
1590
2276
4894
7927
3084
6971
5845
1648
5112
2926
1247
1690
3462
2890
2172
9158
4648
 709
5696
5097
6536
7765
2070
5185
6090
8099
4301
5118
4935
7725
 915
 204
5144
 492
8066
2857
9933
7566
2942
1206
6808
 478
 479
8857
8580
1549
4832
5014
5151
8480
9046
9097
4386
4818
2113
6567
6137
1150
 890
2124
9566
8070
2562
 120
1871
3707
2707
3671
3290
8499
8117
7609
3636
6340
7004
6067
6693
1641
8374
4083
6146
6261
3847
4154
1073
4556
 209
7905
9930
9546
1876
5860
2792
8172
2921
6779
2132
 534
4396
 223
1802
9676
4246
5289
9772
7999
5353
6286
9687
5979
1661
2683
4482
2861
2380
8406
8192
4963
6861
5503
 453
2821
6682
6970
3807
1686
5062
4370
1005
8989
6560
9411
9048
7385
9095
8010
1644
8600
1465
8388
 611
3824
4456
8567
8444
2670
8542
5193
5272
6575
 263
7526
8465
9757
6979
3547
6395
2676
4382
5365
1057
8896
6812
7889
5525
8107
3622
5720
4849
7643
2198
7521
 576
4610
8912
8859
1500
8765
6511
7912
4628
7313
5312
4265
4297
5508
8281
 444
 961
1253
3406
2731
5609
8454
9860
9605
6427
 847
4174
 602
2661
9188
9581
4825
5695
2295
4099
4129
7370
8449
7261
6541
8389
9429
5442
4515
5730
9983
 720
4296
 316
6780
2475
4815
6022
1498
8346
6088
8127
8932
3111
9127
1035
 557
8294
7547
 578
3815
7097
5299
8418
6076
3260
2771
4271
6514
2863
4794
9799
 317
6739
1560
6594
7848
8197
5447
6421
2056
1192
1418
5968
6009
 196
9242
3885
2728
9873
3479
7520
4479
4982
 870
8021
 218
1583
8180
7529
8387
7570
2253
 136
4763
7342
4783
5065
4961
1354
5008
6944
8578
2136
5906
5184
8360
1023
6147
6751
4848
4004
2608
7561
1537
6007
9218
6187
7994
7781
8713
2817
5162
6033
 108
2436
6563
3407
3973
1585
1174
 524
9587
7545
6023
1765
5050
1974
1229
4107
6794
7129
3892
3713
7701
 300
5723
6790
5923
1449
7433
5495
 166
9920
 705
9143
4270
9380
9099
5996
8119
1194
3685
4751
5705
9883
1058
 753
7706
7328
8828
2045
2312
9185
7448
7597
 552
1307
4749
7579
2117
9019
3628
6383
3480
6197
5460
2983
6314
8349
7741
4819
5040
1034
7148
1110
6319
6630
 419
4791
3620
5625
4988
2508
6353
7926
3439
1179
2653
1642
6382
2721
9150
4029
 864
6978
6889
1886
2482
4842
7784
6430
2308
6646
2539
3562
5895
2881
3097
5348
4538
2612
2396
 582
5637
7208
7802
5355
2787
9289
7000
5053
3113
3703
 441
5494
6374
4744
5080
6069
4210
4844
7294
1608
7423
9530
3772
 274
2904
 202
7553
7541
8177
5031
3683
1434
6723
3575
3721
3254
7621
5830
8482
8789
1898
3729
6821
5212
3351
1901
7577
4712
7461
1727
7185
4992
8902
4945
2893
3098
2030
 754
8270
8433
2067
9733
2293
4385
7348
9694
3223
7126
4312
4295
7505
4996
 402
8083
6021
4189
3633
4250
7288
2275
2036
8774
 867
6121
1691
8289
4665
2501
9383
3001
9879
 780
5149
5739
4978
7943
4056
4381
5738
7334
3499
9277
 967
8918
4936
6859
4109
8563
 553
4789
4085
4135
3659
1847
1052
8252
3640
 836
4883
4733
1786
9677
6420
6139
8692
3327
3943
3321
5612
8967
5474
2105
1349
 563
3026
2955
8870
5331
2657
9999
7007
4725
1049
 250
8844
2251
9454
 495
4586
7997
7031
6110
3162
9932
6461
2326
9754
4216
7763
7815
7147
7350
7528
3935
3464
1770
3077
4208
1323
8630
4438
 742
8421
1130
4089
 104
6826
2836
4779
7962
1414
 701
 180
5437
3949
7870
8188
8342
5813
8261
8711
9582
4728
8033
6999
 882
7513
1697
9290
2016
3656
5253
5977
5356
1712
6926
3773
7072
2106
7557
9844
9255
1719
1024
9727
9863
2292
1566
7704
 596
 928
4325
2586
3465
2439
7501
7841
7340
3881
7053
9114
3844
5916
9100
2878
2774
2221
9661
7081
6108
3954
3817
9928
2278
6867
3174
3568
9178
6134
 931
3307
4459
3863
4202
3821
3563
4543
3599
1369
2038
 749
9254
 888
 565
6995
7495
7769
8837
3220
5063
4856
3716
7762
8200
 475
5754
5455
7852
3134
6602
9770
4427
5345
7816
 743
7782
9333
7244
9093
1433
1321
1363
9265
3813
4230
 175
9998
2044
3621
6105
3576
9390
9548
3504
2182
4685
8304
2688
3812
7316
6392
6702
8634
1616
5910
2440
9504
5618
6508
1995
1021
6025
2040
3962
9995
8206
3689
6545
 714
5826
3610
6273
1918
1776
8840
 460
1726
9032
9452
9193
5027
2159
2522
7304
1425
8244
2835
7755
5015
 930
2305
7952
3548
8649
7025
5939
4420
6858
4886
9003
4048
3755
6753
2315
 612
 238
2542
3235
5775
4703
5593
 910
3582
2919
1649
7635
5654
1650
8476
1484
9476
9171
9783
8383
6417
1327
4021
1265
8874
3344
2703
3057
5019
4318
4499
7472
6344
1536
8343
 615
7933
6841
8766
1191
4772
4923
1365
6356
1022
 127
6446
3997
4374
6676
9321
9302
4412
5844
 785
8801
4984
2214
6224
7717
4605
9559
6396
2534
5240
9065
 653
4941
7627
2153
4275
2242
8155
7908
2246
9843
2417
4899
9798
3062
9871
2715
6757
4700
1074
3230
3903
8303
4258
4910
6852
4030
4951
7909
4112
6823
3238
2714
 791
4474
8134
 162
7558
 924
1352
1300
3709
1897
 713
8012
4916
2167
3180
1628
7970
9397
7033
5099
8381
8174
7797
4607
5650
2035
7214
3121
 546
8936
9671
9357
9539
1762
 536
2779
8401
 476
3976
6389
5777
4897
8552
9142
4100
3377
6890
8656
9327
4709
7236
5839
8435
5155
2495
3998
4641
2202
2511
9148
2188
4491
2366
 855
4160
8587
1535
5733
3453
7169
1670
1565
7203
 999
8973
7864
9965
4547
3076
5166
6778
1861
7441
2847
1947
 199
5088
3597
4233
9513
3910
3608
6457
1896
 822
 810
 837
5887
8290
6225
6690
5534
4566
2627
4017
 590
9445
3315
9061
3543
4054
 639
4634
7896
2222
3618
 848
5090
5771
1516
5539
5786
1582
1920
2901
9973
1894
2956
4338
8352
5907
6960
3862
9942
3900
 269
3466
5829
6371
9341
 114
9167
5268
6207
 969
1279
6253
1881
9396
7860
9579
1578
5383
8126
 712
7347
8887
7409
4354
2804
6380
6450
1704
7697
9002
1246
3455
5797
3647
 613
1364
6398
4055
6836
8011
4735
3175
3459
1411
7475
7367
1572
4677
1416
2550
3129
 718
8350
4745
4642
5354
1250
 558
8515
1220
3964
2453
8203
7094
2333
3589
6448
7498
8351
 128
5165
9352
9654
3488
7582
3271
6199
1798
3108
1944
9174
4066
6165
1444
8468
7436
6616
9271
 876
9326
8639
6783
8311
4452
2995
1225
8094
3409
6574
3100
 908
3520
9053
6645
9109
4052
4682
7589
7264
6010
5285
7686
3160
 965
3677
5091
6030
 813
5250
 778
1538
3074
2373
2226
8586
9607
 707
5553
4372
 424
5796
 154
 680
4269
3828
7590
1047
1806
7779
6164
3904
7277
4406
5995
4718
8689
6013
3107
1885
7184
7060
3308
4595
3222
9086
5942
 666
6928
4252
4770
9984
3644
4027
2880
8176
6149
 467
6608
3705
2949
8171
 788
8745
3537
2410
5266
4946
2727
6938
8889
6092
2452
9186
1213
1732
4904
3583
3560
3218
3063
8927
5375
2252
9790
1764
1266
6533
2592
7753
4554
3664
2241
4259
8475
9561
7649
8657
5596
 463
8029
8682
 107
9769
9145
4444
9716
2648
 857
8263
7538
3169
8990
5380
3577
4342
6976
2952
6295
4268
6738
9415
5075
9237
8097
1359
4238
6274
2561
7601
4224
5387
3912
4228
 443
5449
2582
 491
6415
 403
7758
1215
4069
8976
3907
7791
6102
6087
8341
5468
1742
1827
2476
5747
6937
1655
3766
8788
2125
8436
9260
9389
 347
7805
8726
 442
8556
3122
 884
 215
9304
2225
3132
6490
3732
8312
4598
3145
2220
6909
 520
4305
4340
7142
5965
6077
3832
2906
1983
8724
5893
 141
4511
8313
2290
7671
5011
5206
2619
9484
7915
6694
 231
8061
5329
 695
2394
1507
8504
 147
3401
5611
1980
5898
2444
 642
7284
1510
9802
 327
9916
6980
6309
3653
1836
2701
 454
9648
9272
5461
1689
2784
1853
7607
5163
1164
 446
2765
7107
4339
1100
1612
 282
3159
1729
1999
7212
6752
1255
7738
2803
6308
3968
9367
8272
6530
8397
5368
6406
8678
6459
3187
7858
1039
3961
4239
2181
8757
6756
6004
2392
 298
2076
9208
2626
4288
9063
2896
9597
4384
1033
6601
7093
8135
7243
3188
7626
5947
3977
 782
9458
8672
8345
9310
6895
8490
6882
7465
5128
1496
5752
9575
2051
2486
5310
8755
6981
2966
8105
2531
4504
 674
7804
3827
8532
2523
 853
4455
7006
1964
3822
1290
9828
9368
4319
4583
6351
9793
1822
8734
5882
2377
2110
8968
8182
7893
5497
1657
5883
6431
7766
1962
3882
1183
3666
8419
1780
8793
8760
 823
8545
5850
9340
3611
8550
 771
5640
8114
 693
9198
9564
3047
9596
2875
7041
5076
5716
 640
8616
8879
3674
4843
5959
3859
7153
7296
9900
 296
8736
9422
3535
2941
8838
9015
9359
9731
5138
4769
2386
 410
4831
6000
4143
 826
8461
5323
1405
4018
4468
1579
7017
8109
2243
2128
3704
2165
 648
1043
9535
9286
2207
 262
 131
8227
2190
6200
2094
2674
3059
3024
1633
6119
6607
2681
4608
5145
5222
7751
8329
6770
8414
8901
1580
2899
7535
5719
8668
8091
3157
4026
5311
8239
9166
1956
3747
 462
3030
4227
2046
6548
4707
5219
5800
8762
1450
5682
8513
3993
7415
6620
3376
3177
9169
9199
7923
 482
8438
4159
9812
5866
5294
 792
3768
7669
7961
 904
9776
5517
4256
7963
5840
1104
6806
7319
 600
1638
8651
3073
 221
1674
4191
4895
4424
1632
4621
6726
3339
 249
3835
5399
4555
5418
7071
3780
1511
7534
7463
3757
9741
5301
1324
3035
6038
2533
5585
8373
2085
 481
7617
6228
8354
3509
2744
 694
2916
6767
4740
4008
7941
9040
 396
9421
9496
7179
8930
2761
7353
4169
4462
1935
5068
2267
5278
 146
4854
6414
 157
 579
5865
6099
4097
1555
2939
8316
7059
3340
 998
7235
6236
1934
7584
6063
8985
4908
2713
9107
1239
4170
1348
5401
7301
8747
2429
2170
5213
6142
5555
1134
7138
5638
6272
2628
1207
6528
8035
6750
1054
7693
2720
3054
4726
6559
4014
7232
9219
4743
7956
8775
9894
6680
9221
2839
2741
9674
7910
6761
5644
6243
1219
1829
2231
2970
5855
6660
5652
6132
8690
5346
1368
4998
1623
1596
 258
2027
1747
2740
3516
1664
5194
8072
7550
8584
9886
7668
8112
6833
8924
 897
3972
8145
2724
7116
1329
2565
7473
7254
4753
7222
9914
6208
6647
 561
9501
6245
9417
7573
2205
4306
9993
5257
2349
6018
 278
8242
9028
9465
1953
7954
6089
 620
 761
 502
2638
5649
 692
7572
8935
1259
4469
1921
4809
6123
4198
1007
3853
1902
5560
5146
8376
4508
3983
6648
6476
1800
1149
 531
3749
4490
6157
1603
5061
1850
 509
6795
 809
3843
4329
2763
6615
 647
6583
7735
9912
6805
2691
8591
8559
5391
9450
7798
5922
5471
7204
2908
7476
1746
4409
3105
4782
4307
1571
2748
6798
6379
 409
8585
2068
7246
3101
3085
7359
1867
7065
2553
 755
8497
7830
1744
3404
9457
2280
8910
9832
3170
4542
5927
4964
9941
2441
2883
2166
9976
4845
5843
1618
7675
7966
5888
7080
5102
7801
5152
9562
1097
2785
7537
 195
9816
9451
7394
7716
 562
4972
5440
8310
3495
8288
9278
4766
4717
1108
7867
 880
1751
8503
6369
 654
3207
7543
 380
6160
6727
9209
6153
7073
 138
 243
4742
3838
6305
7670
6884
5568
9300
2654
7991
6239
2090
7726
3176
8645
2408
8980
6075
1345
7737
9502
5228
8123
3919
6032
4365
4795
4829
5371
6343
9870
9296
5422
6818
5808
4264
1076
2285
7571
5948
6692
 522
8196
3531
2003
 779
6911
4645
1841
2882
1157
8162
2062
4330
2024
3118
 501
3939
2483
7443
3021
6710
8273
1753
1432
 232
1322
6875
2630
4356
5921
2943
6972
7027
4197
6948
5172
5007
4813
7407
 355
2856
9001
9979
4124
3506
1864
9276
8963
7972
8628
1154
6893
1754
4926
6116
8377
7403
5803
1879
8627
2258
6596
9684
9203
2742
 825
2001
2889
2590
5140
8096
4599
8494
4643
6904
6138
4206
2301
5093
1351
4234
9413
5190
9200
 117
6846
7748
 313
6502
2086
8796
7447
5135
8045
8804
7951
9686
9124
1768
1778
9853
7095
8210
8245
5852
5945
1296
2595
5531
7861
3917
7901
7631
5805
5686
6881
3790
7263
1018
 343
7358
7098
1009
6847
 989
9020
8658
5713
6913
2017
1569
 926
8046
5195
9249
9279
2975
7322
9226
 270
4075
5170
3357
3525
8030
6967
1485
3133
7021
 240
9576
6086
8222
1599
 303
 840
3874
6918
6012
2084
7131
6233
7150
 831
3625
6127
4036
9197
9328
8604
7446
6399
5639
7880
1501
6578
1694
7349
8785
6251
5964
9482
3856
9810
8999
8543
3355
8827
4315
7289
8670
6463
6458
4627
3724
3352
1140
1981
9621
9964
 763
1228
1046
7604
5315
1038
7374
 456
5884
8375
1576
6763
6015
7512
3289
3873
5551
4505
7086
2827
 285
1658
2091
2330
 959
3089
9129
5338
7194
 224
2732
8825
3208
2651
3337
9497
1781
2610
7921
 401
5794
9966
6444
 798
5622
7560
9567
 873
7279
8946
 592
3225
 944
7362
5414
2986
4960
